15.0
20.0
25.0
10.0
22.0
25.0
30.0
22.0
25.0
30.0
22.0
25.0
15.0
22.0
25.0
15.0
22.0
8.0
1.0
22.0
8.0
5.0
22.0
8.0
50.0
22.0
8.0
5000.0
22.0
8.0
50.0
22.0
8.0
5.0
22.0
8.0
25.0
22.0
8.0
1.0
60.0
2.0
50.0
60.0
2.0
15.0
27.0
33.0
22.0
12.0
12.0
35.0
20.0
15.0
25.0
36.0
23.0
22.0
26.0
24.0
35.0
14.0
15.0
22.0
25.0
55.0
27.0
33.0
22.0
12.0
12.0
35.0
20.0
15.0
25.0
36.0
23.0
22.0
26.0
24.0
35.0
14.0
15.0
22.0
25.0
15.0
27.0
33.0
22.0
12.0
12.0
35.0
20.0
15.0
25.0
36.0
23.0
22.0
26.0
24.0
35.0
14.0
15.0
22.0
25.0
15.0
27.0
33.0
22.0
12.0
12.0
35.0
20.0
15.0
25.0
16.0
23.0
22.0
26.0
16.0
20.0
14.0
15.0
22.0
10.0
15.0
27.0
33.0
22.0
12.0
12.0
35.0
20.0
15.0
25.0
16.0
23.0
22.0
26.0
8.0
15.0
14.0
15.0
12.0
8.0
12.0
25.0
22.0
25.0
16.0
24.0
25.0
35.0
25.0
25.0
16.0
24.0
25.0
35.0
25.0
25.0
16.0
24.0
25.0
35.0
25.0
12.0
16.0
24.0
25.0
35.0
25.0
12.0
16.0
24.0
25.0
35.0
25.0
22.0
16.0
24.0
25.0
35.0
25.0
22.0
26.0
24.0
25.0
35.0
25.0
22.0
26.0
24.0
25.0
35.0
25.0
22.0
26.0
24.0
25.0
35.0
35.0
22.0
26.0
24.0
25.0
35.0
35.0
22.0
26.0
24.0
25.0
35.0
35.0
22.0
26.0
24.0
25.0
35.0
35.0
22.0
26.0
24.0
25.0
35.0
35.0
22.0
26.0
24.0
25.0
35.0
35.0
22.0
26.0
24.0
25.0
35.0
35.0
22.0
26.0
24.0
25.0
35.0
35.0
22.0
26.0
24.0
25.0
35.0
35.0
22.0
26.0
24.0
25.0
35.0
35.0
22.0
26.0
24.0
25.0
35.0
35.0
22.0
26.0
24.0
25.0
35.0
35.0
22.0
26.0
24.0
25.0
35.0
35.0
22.0
26.0
24.0
25.0
35.0
35.0
22.0
26.0
24.0
20.0
35.0
35.0
22.0
26.0
24.0
20.0
35.0
35.0
22.0
26.0
24.0
20.0
35.0
35.0
28.0
35.0
25.0
28.0
35.0
25.0
28.0
35.0
25.0
28.0
35.0
25.0
28.0
35.0
25.0
28.0
35.0
25.0
28.0
35.0
25.0
28.0
35.0
25.0
28.0
5.0
25.0
28.0
5.0
25.0
28.0
25.0
25.0
28.0
25.0
25.0
28.0
25.0
25.0
28.0
25.0
25.0
28.0
25.0
25.0
28.0
25.0
25.0
28.0
25.0
25.0
28.0
25.0
25.0
28.0
36.0
25.0
28.0
36.0
25.0
28.0
45.0
25.0
28.0
45.0
25.0
20.0
18.0
15.0
35.0
25.0
20.0
18.0
15.0
35.0
25.0
20.0
18.0
15.0
35.0
25.0
20.0
18.0
15.0
35.0
25.0
20.0
18.0
15.0
35.0
25.0
20.0
18.0
25.0
35.0
25.0
20.0
18.0
25.0
35.0
25.0
20.0
18.0
25.0
35.0
25.0
20.0
18.0
25.0
35.0
25.0
12.0
25.0
12.0
25.0
12.0
25.0
12.0
25.0
12.0
25.0
12.0
25.0
25.0
25.0
25.0
25.0
25.0
25.0
25.0
25.0
25.0
25.0
25.0
25.0
25.0
25.0
100.0
25.0
100.0
25.0
200.0
25.0
200.0
25.0
25.0
20.0
5.0
25.0
20.0
5.0
25.0
20.0
5.0
20.0
20.0
13.0
8.0
10.0
20.0
20.0
13.0
8.0
10.0
20.0
20.0
13.0
8.0
10.0
5.0
5.0
3.0
5.0
3.0
5.0
3.0
5.0
3.0
50.0
3.0
50.0
3.0
0.0
3.0
0.0
-25.0
15.0
-25.0
15.0
-25.0
15.0
-50.0
15.0
-50.0
15.0
-10.0
0.0
-10.0
0.0
-10.0
0.0
-10.0
0.0
-10.0
0.0
10.0
0.0
10.0
6.0
10.0
6.0
18.0
15.0
5.0
18.0
15.0
5.0
18.0
15.0
5.0
18.0
15.0
5.0
