0
	326.2795857988166
	-262.3742603550296
1
	124.11564625850342
	-119.21768707482994
2
	270.83333333333337
	-270.83333333333337
0
	195.83333333333331
	-195.83333333333331
1
	197.8827160493827
	-210.2283950617284
2
	284.9333333333334
	-253.73333333333335
0
	362.5
	-362.5
1
	197.8827160493827
	-210.2283950617284
2
	284.9333333333334
	-253.73333333333335
0
	275.0
	-275.0
1
	197.8827160493827
	-210.2283950617284
2
	284.9333333333334
	-253.73333333333335
0
	150.0
	-150.0
1
	197.8827160493827
	-210.2283950617284
2
	284.9333333333334
	-253.73333333333335
0
	150.0
	-150.0
1
	197.8827160493827
	-210.2283950617284
2
	143.26666666666668
	-112.06666666666666
0
	8.333333333333334
	-8.333333333333334
1
	197.8827160493827
	-210.2283950617284
2
	143.26666666666668
	-112.06666666666666
0
	41.666666666666664
	-41.666666666666664
1
	197.8827160493827
	-210.2283950617284
2
	143.26666666666668
	-112.06666666666666
0
	416.6666666666667
	-416.6666666666667
1
	197.8827160493827
	-210.2283950617284
2
	143.26666666666668
	-112.06666666666666
0
	41666.666666666664
	-41666.666666666664
1
	197.8827160493827
	-210.2283950617284
2
	143.26666666666668
	-112.06666666666666
0
	416.6666666666667
	-416.6666666666667
1
	197.8827160493827
	-210.2283950617284
2
	143.26666666666668
	-112.06666666666666
0
	41.666666666666664
	-41.666666666666664
1
	197.8827160493827
	-210.2283950617284
2
	143.26666666666668
	-112.06666666666666
0
	270.83333333333337
	-270.83333333333337
1
	197.8827160493827
	-210.2283950617284
2
	143.26666666666668
	-112.06666666666666
0
	8.333333333333334
	-8.333333333333334
1
	454.38271604938274
	-466.7283950617284
2
	16.666666666666668
	-16.666666666666668
0
	429.1666666666667
	-429.1666666666667
1
	454.38271604938274
	-466.7283950617284
2
	16.666666666666668
	-16.666666666666668
0
	1413.0
	-1557.0
1
	1144.3202479338843
	-1277.0888429752067
2
	2522.5002972651605
	-2537.4824613555293
3
	1308.0733333333333
	-1295.5933333333332
4
	1596.888888888889
	-1696.4444444444443
5
	115.5679012345679
	-124.20987654320987
6
	1707.604757403907
	-1722.576402016383
7
	675.0
	-675.0
8
	118.5561224489796
	-137.65816326530614
9
	600.1633333333333
	-583.7366666666667
10
	2326.224852071006
	-2375.9289940828403
11
	710.8716839677047
	-693.4322376009227
12
	112.28231292517006
	-98.81292517006803
13
	2031.9169639318272
	-2046.8991280221958
14
	2977.4809688581317
	-2710.2837370242214
15
	2765.059523809524
	-2757.559523809524
16
	967.6015779092702
	-997.4240631163708
17
	213.23347107438016
	-225.63016528925618
18
	85.35333333333334
	-83.91333333333334
19
	549.2075936883629
	-591.4206114398422
0
	4159.56
	-4176.84
1
	1144.3202479338843
	-1277.0888429752067
2
	2522.5002972651605
	-2537.4824613555293
3
	1308.0733333333333
	-1295.5933333333332
4
	1596.888888888889
	-1696.4444444444443
5
	115.5679012345679
	-124.20987654320987
6
	1707.604757403907
	-1722.576402016383
7
	675.0
	-675.0
8
	118.5561224489796
	-137.65816326530614
9
	600.1633333333333
	-583.7366666666667
10
	2326.224852071006
	-2375.9289940828403
11
	710.8716839677047
	-693.4322376009227
12
	112.28231292517006
	-98.81292517006803
13
	2031.9169639318272
	-2046.8991280221958
14
	2977.4809688581317
	-2710.2837370242214
15
	2765.059523809524
	-2757.559523809524
16
	967.6015779092702
	-997.4240631163708
17
	213.23347107438016
	-225.63016528925618
18
	85.35333333333334
	-83.91333333333334
19
	549.2075936883629
	-591.4206114398422
0
	1159.56
	-1176.84
1
	1144.3202479338843
	-1277.0888429752067
2
	2522.5002972651605
	-2537.4824613555293
3
	1308.0733333333333
	-1295.5933333333332
4
	1596.888888888889
	-1696.4444444444443
5
	115.5679012345679
	-124.20987654320987
6
	1707.604757403907
	-1722.576402016383
7
	675.0
	-675.0
8
	118.5561224489796
	-137.65816326530614
9
	600.1633333333333
	-583.7366666666667
10
	2326.224852071006
	-2375.9289940828403
11
	710.8716839677047
	-693.4322376009227
12
	112.28231292517006
	-98.81292517006803
13
	2031.9169639318272
	-2046.8991280221958
14
	2977.4809688581317
	-2710.2837370242214
15
	2765.059523809524
	-2757.559523809524
16
	967.6015779092702
	-997.4240631163708
17
	213.23347107438016
	-225.63016528925618
18
	85.35333333333334
	-83.91333333333334
19
	549.2075936883629
	-591.4206114398422
0
	1159.56
	-1176.84
1
	1144.3202479338843
	-1277.0888429752067
2
	2522.5002972651605
	-2537.4824613555293
3
	1308.0733333333333
	-1295.5933333333332
4
	969.6888888888889
	-979.6444444444444
5
	115.5679012345679
	-124.20987654320987
6
	1707.604757403907
	-1722.576402016383
7
	675.0
	-675.0
8
	118.5561224489796
	-137.65816326530614
9
	600.1633333333333
	-583.7366666666667
10
	1050.4457593688362
	-1075.2978303747534
11
	710.8716839677047
	-693.4322376009227
12
	112.28231292517006
	-98.81292517006803
13
	2031.9169639318272
	-2046.8991280221958
14
	1771.7831603229524
	-1734.41291810842
15
	1785.0595238095239
	-1777.5595238095239
16
	967.6015779092702
	-997.4240631163708
17
	213.23347107438016
	-225.63016528925618
18
	85.35333333333334
	-83.91333333333334
19
	337.9575936883629
	-380.17061143984216
0
	1159.56
	-1176.84
1
	1144.3202479338843
	-1277.0888429752067
2
	2522.5002972651605
	-2537.4824613555293
3
	1308.0733333333333
	-1295.5933333333332
4
	969.6888888888889
	-979.6444444444444
5
	115.5679012345679
	-124.20987654320987
6
	1707.604757403907
	-1722.576402016383
7
	675.0
	-675.0
8
	118.5561224489796
	-137.65816326530614
9
	600.1633333333333
	-583.7366666666667
10
	1050.4457593688362
	-1075.2978303747534
11
	710.8716839677047
	-693.4322376009227
12
	112.28231292517006
	-98.81292517006803
13
	2031.9169639318272
	-2046.8991280221958
14
	1001.116493656286
	-963.7462514417532
15
	1149.2602040816325
	-1150.0255102040817
16
	907.956607495069
	-927.8382642998027
17
	213.23347107438016
	-225.63016528925618
18
	50.120000000000005
	-53.48
19
	208.2998027613412
	-222.57199211045364
0
	200.0
	-200.0
1
	213.68827160493828
	-288.2561728395062
2
	129.01700680272108
	-119.22108843537414
0
	579.8611111111111
	-690.9722222222222
1
	321.6
	-314.4
2
	1506.768
	-1428.432
3
	1286.166509136736
	-1212.7827662255827
4
	295.50925925925924
	-310.3240740740741
5
	122.49149659863946
	-153.10374149659864
0
	579.8611111111111
	-690.9722222222222
1
	321.6
	-314.4
2
	1506.768
	-1428.432
3
	1286.166509136736
	-1212.7827662255827
4
	295.50925925925924
	-310.3240740740741
5
	122.49149659863946
	-153.10374149659864
0
	579.8611111111111
	-690.9722222222222
1
	321.6
	-314.4
2
	1506.768
	-1428.432
3
	1286.166509136736
	-1212.7827662255827
4
	295.50925925925924
	-310.3240740740741
5
	122.49149659863946
	-153.10374149659864
0
	236.11111111111111
	-247.22222222222223
1
	321.6
	-314.4
2
	1506.768
	-1428.432
3
	1286.166509136736
	-1212.7827662255827
4
	295.50925925925924
	-310.3240740740741
5
	122.49149659863946
	-153.10374149659864
0
	236.11111111111111
	-247.22222222222223
1
	321.6
	-314.4
2
	1506.768
	-1428.432
3
	1286.166509136736
	-1212.7827662255827
4
	295.50925925925924
	-310.3240740740741
5
	122.49149659863946
	-153.10374149659864
0
	634.7222222222222
	-856.9444444444445
1
	321.6
	-314.4
2
	1506.768
	-1428.432
3
	1286.166509136736
	-1212.7827662255827
4
	295.50925925925924
	-310.3240740740741
5
	122.49149659863946
	-153.10374149659864
0
	634.7222222222222
	-856.9444444444445
1
	509.1
	-501.9
2
	1506.768
	-1428.432
3
	1286.166509136736
	-1212.7827662255827
4
	295.50925925925924
	-310.3240740740741
5
	122.49149659863946
	-153.10374149659864
0
	634.7222222222222
	-856.9444444444445
1
	509.1
	-501.9
2
	1506.768
	-1428.432
3
	1286.166509136736
	-1212.7827662255827
4
	295.50925925925924
	-310.3240740740741
5
	122.49149659863946
	-153.10374149659864
0
	634.7222222222222
	-856.9444444444445
1
	509.1
	-501.9
2
	1506.768
	-1428.432
3
	1286.166509136736
	-1212.7827662255827
4
	335.0154320987654
	-359.7067901234568
5
	224.54931972789115
	-346.9982993197279
0
	634.7222222222222
	-856.9444444444445
1
	509.1
	-501.9
2
	1506.768
	-1428.432
3
	1286.166509136736
	-1212.7827662255827
4
	335.0154320987654
	-359.7067901234568
5
	224.54931972789115
	-346.9982993197279
0
	634.7222222222222
	-856.9444444444445
1
	509.1
	-501.9
2
	1506.768
	-1428.432
3
	1286.166509136736
	-1212.7827662255827
4
	335.0154320987654
	-359.7067901234568
5
	224.54931972789115
	-346.9982993197279
0
	634.7222222222222
	-856.9444444444445
1
	509.1
	-501.9
2
	1506.768
	-1428.432
3
	1286.166509136736
	-1212.7827662255827
4
	335.0154320987654
	-359.7067901234568
5
	224.54931972789115
	-346.9982993197279
0
	634.7222222222222
	-856.9444444444445
1
	509.1
	-501.9
2
	1506.768
	-1428.432
3
	1286.166509136736
	-1212.7827662255827
4
	335.0154320987654
	-359.7067901234568
5
	224.54931972789115
	-346.9982993197279
0
	634.7222222222222
	-856.9444444444445
1
	509.1
	-501.9
2
	1506.768
	-1428.432
3
	1286.166509136736
	-1212.7827662255827
4
	335.0154320987654
	-359.7067901234568
5
	224.54931972789115
	-346.9982993197279
0
	634.7222222222222
	-856.9444444444445
1
	509.1
	-501.9
2
	1506.768
	-1428.432
3
	1286.166509136736
	-1212.7827662255827
4
	335.0154320987654
	-359.7067901234568
5
	224.54931972789115
	-346.9982993197279
0
	634.7222222222222
	-856.9444444444445
1
	509.1
	-501.9
2
	1506.768
	-1428.432
3
	1286.166509136736
	-1212.7827662255827
4
	335.0154320987654
	-359.7067901234568
5
	224.54931972789115
	-346.9982993197279
0
	634.7222222222222
	-856.9444444444445
1
	509.1
	-501.9
2
	1506.768
	-1428.432
3
	1286.166509136736
	-1212.7827662255827
4
	335.0154320987654
	-359.7067901234568
5
	224.54931972789115
	-346.9982993197279
0
	634.7222222222222
	-856.9444444444445
1
	509.1
	-501.9
2
	1506.768
	-1428.432
3
	1286.166509136736
	-1212.7827662255827
4
	335.0154320987654
	-359.7067901234568
5
	224.54931972789115
	-346.9982993197279
0
	634.7222222222222
	-856.9444444444445
1
	509.1
	-501.9
2
	1506.768
	-1428.432
3
	1286.166509136736
	-1212.7827662255827
4
	335.0154320987654
	-359.7067901234568
5
	224.54931972789115
	-346.9982993197279
0
	634.7222222222222
	-856.9444444444445
1
	509.1
	-501.9
2
	1506.768
	-1428.432
3
	1286.166509136736
	-1212.7827662255827
4
	335.0154320987654
	-359.7067901234568
5
	224.54931972789115
	-346.9982993197279
0
	634.7222222222222
	-856.9444444444445
1
	509.1
	-501.9
2
	1506.768
	-1428.432
3
	1286.166509136736
	-1212.7827662255827
4
	335.0154320987654
	-359.7067901234568
5
	224.54931972789115
	-346.9982993197279
0
	634.7222222222222
	-856.9444444444445
1
	509.1
	-501.9
2
	1506.768
	-1428.432
3
	1286.166509136736
	-1212.7827662255827
4
	335.0154320987654
	-359.7067901234568
5
	224.54931972789115
	-346.9982993197279
0
	634.7222222222222
	-856.9444444444445
1
	509.1
	-501.9
2
	1506.768
	-1428.432
3
	1080.7214870825455
	-1253.9161940768745
4
	335.0154320987654
	-359.7067901234568
5
	2302.916666666667
	-2542.916666666667
0
	634.7222222222222
	-856.9444444444445
1
	509.1
	-501.9
2
	1506.768
	-1428.432
3
	1080.7214870825455
	-1253.9161940768745
4
	335.0154320987654
	-359.7067901234568
5
	2302.916666666667
	-2542.916666666667
0
	634.7222222222222
	-856.9444444444445
1
	509.1
	-501.9
2
	1506.768
	-1428.432
3
	1080.7214870825455
	-1253.9161940768745
4
	335.0154320987654
	-359.7067901234568
5
	2302.916666666667
	-2542.916666666667
0
	742.2623274161735
	-692.5581854043392
1
	1009.0066320645905
	-1100.3561130334488
2
	1656.9871794871794
	-1560.0641025641025
0
	742.2623274161735
	-692.5581854043392
1
	1009.0066320645905
	-1100.3561130334488
2
	1656.9871794871794
	-1560.0641025641025
0
	742.2623274161735
	-692.5581854043392
1
	1009.0066320645905
	-1100.3561130334488
2
	1656.9871794871794
	-1560.0641025641025
0
	742.2623274161735
	-692.5581854043392
1
	1009.0066320645905
	-1100.3561130334488
2
	1656.9871794871794
	-1560.0641025641025
0
	742.2623274161735
	-692.5581854043392
1
	1009.0066320645905
	-1100.3561130334488
2
	1656.9871794871794
	-1560.0641025641025
0
	742.2623274161735
	-692.5581854043392
1
	1009.0066320645905
	-1100.3561130334488
2
	1656.9871794871794
	-1560.0641025641025
0
	742.2623274161735
	-692.5581854043392
1
	1009.0066320645905
	-1100.3561130334488
2
	1656.9871794871794
	-1560.0641025641025
0
	742.2623274161735
	-692.5581854043392
1
	1009.0066320645905
	-1100.3561130334488
2
	1656.9871794871794
	-1560.0641025641025
0
	742.2623274161735
	-692.5581854043392
1
	267.8215109573241
	-237.7177047289504
2
	1656.9871794871794
	-1560.0641025641025
0
	742.2623274161735
	-692.5581854043392
1
	267.8215109573241
	-237.7177047289504
2
	1656.9871794871794
	-1560.0641025641025
0
	742.2623274161735
	-692.5581854043392
1
	749.4881776239907
	-719.3843713956171
2
	1656.9871794871794
	-1560.0641025641025
0
	742.2623274161735
	-692.5581854043392
1
	749.4881776239907
	-719.3843713956171
2
	1656.9871794871794
	-1560.0641025641025
0
	742.2623274161735
	-692.5581854043392
1
	759.8688004613609
	-797.239042675894
2
	1656.9871794871794
	-1560.0641025641025
0
	742.2623274161735
	-692.5581854043392
1
	759.8688004613609
	-797.239042675894
2
	1656.9871794871794
	-1560.0641025641025
0
	742.2623274161735
	-692.5581854043392
1
	759.8688004613609
	-797.239042675894
2
	1656.9871794871794
	-1560.0641025641025
0
	742.2623274161735
	-692.5581854043392
1
	759.8688004613609
	-797.239042675894
2
	1656.9871794871794
	-1560.0641025641025
0
	742.2623274161735
	-692.5581854043392
1
	768.1732987312572
	-859.5227797001154
2
	1656.9871794871794
	-1560.0641025641025
0
	742.2623274161735
	-692.5581854043392
1
	768.1732987312572
	-859.5227797001154
2
	1656.9871794871794
	-1560.0641025641025
0
	742.2623274161735
	-692.5581854043392
1
	1033.0899653979238
	-1124.439446366782
2
	1656.9871794871794
	-1560.0641025641025
0
	742.2623274161735
	-692.5581854043392
1
	1033.0899653979238
	-1124.439446366782
2
	1656.9871794871794
	-1560.0641025641025
0
	742.2623274161735
	-692.5581854043392
1
	1249.8399653979238
	-1341.1894463667818
2
	1656.9871794871794
	-1560.0641025641025
0
	481.3155818540434
	-468.8895463510848
1
	1249.8399653979238
	-1341.1894463667818
2
	1591.7504930966468
	-1544.5315581854043
0
	4134.379332073094
	-3998.9540012602392
1
	3332.4827160493824
	-3353.4061728395063
2
	318.46938775510205
	-342.9591836734694
3
	6340.2617079889815
	-6532.162534435262
4
	4050.0000495736663
	-4000.8007634344635
0
	4134.379332073094
	-3998.9540012602392
1
	3332.4827160493824
	-3353.4061728395063
2
	318.46938775510205
	-342.9591836734694
3
	6340.2617079889815
	-6532.162534435262
4
	4050.0000495736663
	-4000.8007634344635
0
	4134.379332073094
	-3998.9540012602392
1
	3332.4827160493824
	-3353.4061728395063
2
	318.46938775510205
	-342.9591836734694
3
	6340.2617079889815
	-6532.162534435262
4
	4050.0000495736663
	-4000.8007634344635
0
	4134.379332073094
	-3998.9540012602392
1
	3332.4827160493824
	-3353.4061728395063
2
	318.46938775510205
	-342.9591836734694
3
	6340.2617079889815
	-6532.162534435262
4
	4050.0000495736663
	-4000.8007634344635
0
	4134.379332073094
	-3998.9540012602392
1
	3332.4827160493824
	-3353.4061728395063
2
	318.46938775510205
	-342.9591836734694
3
	6340.2617079889815
	-6532.162534435262
4
	4050.0000495736663
	-4000.8007634344635
0
	4134.379332073094
	-3998.9540012602392
1
	3332.4827160493824
	-3353.4061728395063
2
	555.2721088435374
	-604.251700680272
3
	6340.2617079889815
	-6532.162534435262
4
	4050.0000495736663
	-4000.8007634344635
0
	4134.379332073094
	-3998.9540012602392
1
	3332.4827160493824
	-3353.4061728395063
2
	555.2721088435374
	-604.251700680272
3
	6340.2617079889815
	-6532.162534435262
4
	4050.0000495736663
	-4000.8007634344635
0
	4134.379332073094
	-3998.9540012602392
1
	3332.4827160493824
	-3353.4061728395063
2
	2095.73577870274
	-2392.3018557058617
3
	6340.2617079889815
	-6532.162534435262
4
	4050.0000495736663
	-4000.8007634344635
0
	4134.379332073094
	-3998.9540012602392
1
	3332.4827160493824
	-3353.4061728395063
2
	2095.73577870274
	-2392.3018557058617
3
	6340.2617079889815
	-6532.162534435262
4
	4050.0000495736663
	-4000.8007634344635
0
	5934.748269896194
	-5523.545847750865
1
	8862.29535206382
	-9197.758411377039
0
	5934.748269896194
	-5523.545847750865
1
	8862.29535206382
	-9197.758411377039
0
	5934.748269896194
	-5523.545847750865
1
	8862.29535206382
	-9197.758411377039
0
	5934.748269896194
	-5523.545847750865
1
	8862.29535206382
	-9197.758411377039
0
	5934.748269896194
	-5523.545847750865
1
	8862.29535206382
	-9197.758411377039
0
	5934.748269896194
	-5523.545847750865
1
	8862.29535206382
	-9197.758411377039
0
	10944.081603229528
	-10532.8791810842
1
	8862.29535206382
	-9197.758411377039
0
	10944.081603229528
	-10532.8791810842
1
	8862.29535206382
	-9197.758411377039
0
	569.9659863945578
	-623.843537414966
1
	531.3732741617357
	-569.7164694280078
0
	569.9659863945578
	-623.843537414966
1
	531.3732741617357
	-569.7164694280078
0
	569.9659863945578
	-623.843537414966
1
	531.3732741617357
	-569.7164694280078
0
	569.9659863945578
	-623.843537414966
1
	531.3732741617357
	-569.7164694280078
0
	569.9659863945578
	-623.843537414966
1
	531.3732741617357
	-569.7164694280078
0
	1698.9965986394557
	-1685.5272108843537
1
	441.07741617357
	-495.3969428007889
0
	1698.9965986394557
	-1685.5272108843537
1
	441.07741617357
	-495.3969428007889
0
	3332.3299319727894
	-3318.8605442176868
1
	441.07741617357
	-495.3969428007889
0
	3332.3299319727894
	-3318.8605442176868
1
	441.07741617357
	-495.3969428007889
0
	1393.0555555555557
	-1290.2777777777778
1
	968.6501377410468
	-899.228650137741
2
	369.3446666666667
	-325.08866666666665
0
	1393.0555555555557
	-1290.2777777777778
1
	968.6501377410468
	-899.228650137741
2
	369.3446666666667
	-325.08866666666665
0
	1393.0555555555557
	-1290.2777777777778
1
	968.6501377410468
	-899.228650137741
2
	369.3446666666667
	-325.08866666666665
0
	1001.6666666666666
	-1006.8840579710145
1
	543.8541666666667
	-496.9791666666667
2
	871.3686556927298
	-882.2054183813443
3
	623.0346666666668
	-499.0986666666667
4
	857.1822222222222
	-879.8844444444444
0
	1001.6666666666666
	-1006.8840579710145
1
	543.8541666666667
	-496.9791666666667
2
	871.3686556927298
	-882.2054183813443
3
	623.0346666666668
	-499.0986666666667
4
	857.1822222222222
	-879.8844444444444
0
	1001.6666666666666
	-1006.8840579710145
1
	543.8541666666667
	-496.9791666666667
2
	871.3686556927298
	-882.2054183813443
3
	623.0346666666668
	-499.0986666666667
4
	857.1822222222222
	-879.8844444444444
0
	54.166666666666664
	-54.166666666666664
0
	54.166666666666664
	-54.166666666666664
0
	11.05
	-13.45
1
	280.53008821676116
	-267.25976685570254
0
	11.05
	-13.45
1
	280.53008821676116
	-267.25976685570254
0
	11.05
	-13.45
1
	280.53008821676116
	-267.25976685570254
0
	11.05
	-13.45
1
	2264.2800882167608
	-2251.0097668557023
0
	11.05
	-13.45
1
	2264.2800882167608
	-2251.0097668557023
0
	11.05
	-13.45
1
	60.113421550094515
	-46.84310018903592
0
	11.05
	-13.45
1
	60.113421550094515
	-46.84310018903592
0
	-47.28333333333334
	44.88333333333333
1
	721.3634215500945
	-708.0931001890359
0
	-47.28333333333334
	44.88333333333333
1
	721.3634215500945
	-708.0931001890359
0
	-47.28333333333334
	44.88333333333333
1
	721.3634215500945
	-708.0931001890359
0
	-99.36666666666667
	96.96666666666667
1
	721.3634215500945
	-708.0931001890359
0
	-99.36666666666667
	96.96666666666667
1
	721.3634215500945
	-708.0931001890359
0
	27.166666666666668
	-51.16666666666667
1
	60.113421550094515
	-46.84310018903592
0
	27.166666666666668
	-51.16666666666667
1
	60.113421550094515
	-46.84310018903592
0
	27.166666666666668
	-51.16666666666667
1
	60.113421550094515
	-46.84310018903592
0
	-169.69135802469134
	9.197530864197518
1
	60.113421550094515
	-46.84310018903592
0
	-169.69135802469134
	9.197530864197518
1
	60.113421550094515
	-46.84310018903592
0
	370.30864197530866
	-530.8024691358025
1
	60.113421550094515
	-46.84310018903592
0
	370.30864197530866
	-530.8024691358025
1
	324.6134215500945
	-311.3431001890359
0
	370.30864197530866
	-530.8024691358025
1
	324.6134215500945
	-311.3431001890359
0
	188.16666666666669
	-154.83333333333334
1
	255.62869822485206
	-270.7174556213018
2
	30.62074829931973
	-24.49829931972789
0
	188.16666666666669
	-154.83333333333334
1
	255.62869822485206
	-270.7174556213018
2
	30.62074829931973
	-24.49829931972789
0
	188.16666666666669
	-154.83333333333334
1
	255.62869822485206
	-270.7174556213018
2
	30.62074829931973
	-24.49829931972789
0
	188.16666666666669
	-154.83333333333334
1
	255.62869822485206
	-270.7174556213018
2
	30.62074829931973
	-24.49829931972789
