0
	60.0

1
	20.0
	30.0

2
	50.0

0
	90.0

1
	50.0

2
	50.0
	20.0

0
	90.0

1
	50.0

2
	50.0
	20.0

0
	20.0

1
	50.0

2
	50.0
	20.0

0
	20.0

1
	50.0

2
	50.0
	20.0

0
	20.0

1
	50.0

2
	50.0
	20.0

0
	0.0

1
	50.0

2
	50.0
	20.0

0
	0.0

1
	50.0

2
	50.0
	20.0

0
	0.0

1
	50.0

2
	50.0
	20.0

0
	0.0

1
	50.0

2
	50.0
	20.0

0
	0.0

1
	50.0

2
	50.0
	20.0

0
	0.0

1
	50.0

2
	50.0
	20.0

0
	50.0

1
	50.0

2
	50.0
	20.0

0
	0.0

1
	50.0

2
	0.0
	0.0

0
	10.0

1
	50.0

2
	0.0
	0.0

0
	100.0

1
	63.0

2
	60.0

3
	50.0

4
	200.0

5
	35.0

6
	60.0

7
	60.0

8
	78.0

9
	66.0

10
	100.0

11
	70.0

12
	22.0

13
	60.0

14
	66.0
	55.0
	22.0

15
	60.0
	80.0

16
	60.0

17
	50.0

18
	50.0
	22.0

19
	50.0
	22.0
	44.0
	33.0

0
	12.0

1
	63.0

2
	60.0

3
	50.0

4
	200.0

5
	35.0

6
	60.0

7
	60.0

8
	78.0

9
	66.0

10
	100.0

11
	70.0

12
	22.0

13
	60.0

14
	66.0
	55.0
	22.0

15
	60.0
	80.0

16
	60.0

17
	50.0

18
	50.0
	22.0

19
	50.0
	22.0
	44.0
	33.0

0
	12.0

1
	63.0

2
	60.0

3
	50.0

4
	200.0

5
	35.0

6
	60.0

7
	60.0

8
	78.0

9
	66.0

10
	100.0

11
	70.0

12
	22.0

13
	60.0

14
	66.0
	55.0
	22.0

15
	60.0
	80.0

16
	60.0

17
	50.0

18
	50.0
	22.0

19
	50.0
	22.0
	44.0
	33.0

0
	12.0

1
	63.0

2
	60.0

3
	50.0

4
	20.0

5
	35.0

6
	60.0

7
	60.0

8
	78.0

9
	66.0

10
	50.0

11
	70.0

12
	22.0

13
	60.0

14
	16.0
	18.0
	22.0

15
	60.0
	80.0

16
	60.0

17
	50.0

18
	50.0
	22.0

19
	50.0
	22.0
	44.0
	33.0

0
	12.0

1
	63.0

2
	60.0

3
	50.0

4
	20.0

5
	35.0

6
	60.0

7
	60.0

8
	78.0

9
	66.0

10
	50.0

11
	70.0

12
	22.0

13
	60.0

14
	16.0
	18.0
	22.0

15
	20.0
	30.0

16
	40.0

17
	50.0

18
	30.0
	22.0

19
	25.0
	11.0
	22.0
	11.0

0
	80.0

1
	60.0
	50.0

2
	40.0

0
	100.0

1
	10.0

2
	60.0
	20.0

3
	50.0
	25.0
	15.0

4
	60.0

5
	50.0

0
	100.0

1
	10.0

2
	60.0
	20.0

3
	50.0
	25.0
	15.0

4
	60.0

5
	50.0

0
	100.0

1
	10.0

2
	60.0
	20.0

3
	50.0
	25.0
	15.0

4
	60.0

5
	50.0

0
	10.0

1
	10.0

2
	60.0
	20.0

3
	50.0
	25.0
	15.0

4
	60.0

5
	50.0

0
	10.0

1
	10.0

2
	60.0
	20.0

3
	50.0
	25.0
	15.0

4
	60.0

5
	50.0

0
	200.0

1
	10.0

2
	60.0
	20.0

3
	50.0
	25.0
	15.0

4
	60.0

5
	50.0

0
	200.0

1
	10.0

2
	60.0
	20.0

3
	50.0
	25.0
	15.0

4
	60.0

5
	50.0

0
	200.0

1
	10.0

2
	60.0
	20.0

3
	50.0
	25.0
	15.0

4
	60.0

5
	50.0

0
	200.0

1
	10.0

2
	60.0
	20.0

3
	50.0
	25.0
	15.0

4
	100.0

5
	200.0

0
	200.0

1
	10.0

2
	60.0
	20.0

3
	50.0
	25.0
	15.0

4
	100.0

5
	200.0

0
	200.0

1
	10.0

2
	60.0
	20.0

3
	50.0
	25.0
	15.0

4
	100.0

5
	200.0

0
	200.0

1
	10.0

2
	60.0
	20.0

3
	50.0
	25.0
	15.0

4
	100.0

5
	200.0

0
	200.0

1
	10.0

2
	60.0
	20.0

3
	50.0
	25.0
	15.0

4
	100.0

5
	200.0

0
	200.0

1
	10.0

2
	60.0
	20.0

3
	50.0
	25.0
	15.0

4
	100.0

5
	200.0

0
	200.0

1
	10.0

2
	60.0
	20.0

3
	50.0
	25.0
	15.0

4
	100.0

5
	200.0

0
	200.0

1
	10.0

2
	60.0
	20.0

3
	50.0
	25.0
	15.0

4
	100.0

5
	200.0

0
	200.0

1
	10.0

2
	60.0
	20.0

3
	50.0
	25.0
	15.0

4
	100.0

5
	200.0

0
	200.0

1
	10.0

2
	60.0
	20.0

3
	50.0
	25.0
	15.0

4
	100.0

5
	200.0

0
	200.0

1
	10.0

2
	60.0
	20.0

3
	50.0
	25.0
	15.0

4
	100.0

5
	200.0

0
	200.0

1
	10.0

2
	60.0
	20.0

3
	50.0
	25.0
	15.0

4
	100.0

5
	200.0

0
	200.0

1
	10.0

2
	60.0
	20.0

3
	50.0
	25.0
	15.0

4
	100.0

5
	200.0

0
	200.0

1
	10.0

2
	60.0
	20.0

3
	50.0
	25.0
	15.0

4
	100.0

5
	200.0

0
	200.0

1
	10.0

2
	60.0
	20.0

3
	10.0
	20.0
	100.0

4
	100.0

5
	200.0

0
	200.0

1
	10.0

2
	60.0
	20.0

3
	10.0
	20.0
	100.0

4
	100.0

5
	200.0

0
	200.0

1
	10.0

2
	60.0
	20.0

3
	10.0
	20.0
	100.0

4
	100.0

5
	200.0

0
	200.0

1
	60.0
	100.0

2
	50.0
	20.0
	15.0

0
	200.0

1
	60.0
	100.0

2
	50.0
	20.0
	15.0

0
	200.0

1
	60.0
	100.0

2
	50.0
	20.0
	15.0

0
	200.0

1
	60.0
	100.0

2
	50.0
	20.0
	15.0

0
	200.0

1
	60.0
	100.0

2
	50.0
	20.0
	15.0

0
	200.0

1
	60.0
	100.0

2
	50.0
	20.0
	15.0

0
	200.0

1
	60.0
	100.0

2
	50.0
	20.0
	15.0

0
	200.0

1
	60.0
	100.0

2
	50.0
	20.0
	15.0

0
	200.0

1
	60.0
	10.0

2
	50.0
	20.0
	15.0

0
	200.0

1
	60.0
	10.0

2
	50.0
	20.0
	15.0

0
	200.0

1
	60.0
	10.0

2
	50.0
	20.0
	15.0

0
	200.0

1
	60.0
	10.0

2
	50.0
	20.0
	15.0

0
	200.0

1
	60.0
	60.0

2
	50.0
	20.0
	15.0

0
	200.0

1
	60.0
	60.0

2
	50.0
	20.0
	15.0

0
	200.0

1
	60.0
	60.0

2
	50.0
	20.0
	15.0

0
	200.0

1
	60.0
	60.0

2
	50.0
	20.0
	15.0

0
	200.0

1
	60.0
	100.0

2
	50.0
	20.0
	15.0

0
	200.0

1
	60.0
	100.0

2
	50.0
	20.0
	15.0

0
	200.0

1
	60.0
	100.0

2
	50.0
	20.0
	15.0

0
	200.0

1
	60.0
	100.0

2
	50.0
	20.0
	15.0

0
	200.0

1
	60.0
	100.0

2
	50.0
	20.0
	15.0

0
	50.0

1
	60.0
	100.0

2
	30.0
	20.0
	15.0

0
	60.0
	50.0

1
	25.0
	35.0

2
	50.0

3
	60.0
	50.0
	80.0

4
	20.0
	22.0
	15.0
	50.0
	12.0

0
	60.0
	50.0

1
	25.0
	35.0

2
	50.0

3
	60.0
	50.0
	80.0

4
	20.0
	22.0
	15.0
	50.0
	12.0

0
	60.0
	50.0

1
	25.0
	35.0

2
	50.0

3
	60.0
	50.0
	80.0

4
	20.0
	22.0
	15.0
	50.0
	12.0

0
	60.0
	50.0

1
	25.0
	35.0

2
	50.0

3
	60.0
	50.0
	80.0

4
	20.0
	22.0
	15.0
	50.0
	12.0

0
	60.0
	50.0

1
	25.0
	35.0

2
	50.0

3
	60.0
	50.0
	80.0

4
	20.0
	22.0
	15.0
	50.0
	12.0

0
	60.0
	50.0

1
	25.0
	35.0

2
	100.0

3
	60.0
	50.0
	80.0

4
	20.0
	22.0
	15.0
	50.0
	12.0

0
	60.0
	50.0

1
	25.0
	35.0

2
	100.0

3
	60.0
	50.0
	80.0

4
	20.0
	22.0
	15.0
	50.0
	12.0

0
	60.0
	50.0

1
	25.0
	35.0

2
	100.0

3
	60.0
	50.0
	80.0

4
	20.0
	22.0
	15.0
	50.0
	12.0

0
	60.0
	50.0

1
	25.0
	35.0

2
	100.0

3
	60.0
	50.0
	80.0

4
	20.0
	22.0
	15.0
	50.0
	12.0

0
	60.0
	100.0

1
	50.0
	60.0
	70.0

0
	60.0
	100.0

1
	50.0
	60.0
	70.0

0
	60.0
	100.0

1
	50.0
	60.0
	70.0

0
	60.0
	100.0

1
	50.0
	60.0
	70.0

0
	60.0
	100.0

1
	50.0
	60.0
	70.0

0
	60.0
	100.0

1
	50.0
	60.0
	70.0

0
	60.0
	100.0

1
	50.0
	60.0
	70.0

0
	60.0
	100.0

1
	50.0
	60.0
	70.0

0
	60.0
	100.0

1
	50.0
	60.0
	70.0

0
	60.0
	100.0

1
	50.0
	60.0
	70.0

0
	60.0
	100.0

1
	50.0
	60.0
	70.0

0
	60.0
	100.0

1
	50.0
	60.0
	70.0

0
	60.0
	100.0

1
	50.0
	60.0
	70.0

0
	30.0
	20.0

1
	20.0
	30.0
	60.0

0
	30.0
	20.0

1
	20.0
	30.0
	60.0

0
	30.0
	20.0

1
	20.0
	30.0
	60.0

0
	30.0
	20.0

1
	20.0
	30.0
	60.0

0
	50.0
	10.0

1
	50.0

2
	20.0
	15.0

0
	50.0
	10.0

1
	50.0

2
	20.0
	15.0

0
	50.0
	10.0

1
	50.0

2
	20.0
	15.0

0
	20.0
	30.0

1
	50.0

2
	20.0
	10.0

3
	50.0
	10.0
	5.0

4
	12.0
	25.0

0
	20.0
	30.0

1
	50.0

2
	20.0
	10.0

3
	50.0
	10.0
	5.0

4
	12.0
	25.0

0
	20.0
	30.0

1
	50.0

2
	20.0
	10.0

3
	50.0
	10.0
	5.0

4
	12.0
	25.0

0
	10.0

0
	10.0

0
	10.0

1
	10.0
	12.0

0
	10.0

1
	10.0
	12.0

0
	10.0

1
	10.0
	12.0

0
	10.0

1
	10.0
	12.0

0
	10.0

1
	10.0
	12.0

0
	10.0

1
	10.0
	12.0

0
	10.0

1
	10.0
	12.0

0
	10.0

1
	10.0
	12.0

0
	10.0

1
	10.0
	12.0

0
	10.0

1
	10.0
	12.0

0
	10.0

1
	10.0
	12.0

0
	10.0

1
	10.0
	12.0

0
	100.0

1
	10.0
	12.0

0
	100.0

1
	10.0
	12.0

0
	100.0

1
	10.0
	12.0

0
	100.0

1
	10.0
	12.0

0
	100.0

1
	10.0
	12.0

0
	100.0

1
	10.0
	12.0

0
	100.0

1
	10.0
	12.0

0
	100.0

1
	10.0
	12.0

0
	50.0

1
	20.0
	25.0

2
	10.0

0
	50.0

1
	20.0
	25.0

2
	10.0

0
	50.0

1
	20.0
	25.0

2
	10.0

0
	50.0

1
	20.0
	25.0

2
	10.0

