13.0
7.0
10.0
10.0
9.0
10.0
10.0
9.0
10.0
10.0
9.0
10.0
10.0
9.0
10.0
10.0
9.0
10.0
10.0
9.0
10.0
10.0
9.0
10.0
10.0
9.0
10.0
10.0
9.0
10.0
10.0
9.0
10.0
10.0
9.0
10.0
10.0
9.0
10.0
10.0
9.0
10.0
10.0
9.0
10.0
30.0
22.0
29.0
25.0
30.0
9.0
23.0
18.0
7.0
15.0
26.0
17.0
7.0
29.0
34.0
28.0
26.0
11.0
5.0
13.0
30.0
22.0
29.0
25.0
30.0
9.0
23.0
18.0
7.0
15.0
26.0
17.0
7.0
29.0
34.0
28.0
26.0
11.0
5.0
13.0
30.0
22.0
29.0
25.0
30.0
9.0
23.0
18.0
7.0
15.0
26.0
17.0
7.0
29.0
34.0
28.0
26.0
11.0
5.0
13.0
30.0
22.0
29.0
25.0
30.0
9.0
23.0
18.0
7.0
15.0
26.0
17.0
7.0
29.0
34.0
28.0
26.0
11.0
5.0
13.0
30.0
22.0
29.0
25.0
30.0
9.0
23.0
18.0
7.0
15.0
26.0
17.0
7.0
29.0
34.0
28.0
26.0
11.0
5.0
13.0
10.0
9.0
7.0
15.0
15.0
25.0
23.0
9.0
7.0
15.0
15.0
25.0
23.0
9.0
7.0
15.0
15.0
25.0
23.0
9.0
7.0
15.0
15.0
25.0
23.0
9.0
7.0
15.0
15.0
25.0
23.0
9.0
7.0
15.0
15.0
25.0
23.0
9.0
7.0
15.0
15.0
25.0
23.0
9.0
7.0
15.0
15.0
25.0
23.0
9.0
7.0
15.0
15.0
25.0
23.0
9.0
7.0
15.0
15.0
25.0
23.0
9.0
7.0
15.0
15.0
25.0
23.0
9.0
7.0
15.0
15.0
25.0
23.0
9.0
7.0
15.0
15.0
25.0
23.0
9.0
7.0
15.0
15.0
25.0
23.0
9.0
7.0
15.0
15.0
25.0
23.0
9.0
7.0
15.0
15.0
25.0
23.0
9.0
7.0
15.0
15.0
25.0
23.0
9.0
7.0
15.0
15.0
25.0
23.0
9.0
7.0
15.0
15.0
25.0
23.0
9.0
7.0
15.0
15.0
25.0
23.0
9.0
7.0
15.0
15.0
25.0
23.0
9.0
7.0
15.0
15.0
25.0
23.0
9.0
7.0
15.0
15.0
25.0
23.0
9.0
25.0
15.0
15.0
25.0
23.0
9.0
25.0
15.0
15.0
25.0
23.0
9.0
25.0
13.0
17.0
26.0
13.0
17.0
26.0
13.0
17.0
26.0
13.0
17.0
26.0
13.0
17.0
26.0
13.0
17.0
26.0
13.0
17.0
26.0
13.0
17.0
26.0
13.0
17.0
26.0
13.0
17.0
26.0
13.0
17.0
26.0
13.0
17.0
26.0
13.0
17.0
26.0
13.0
17.0
26.0
13.0
17.0
26.0
13.0
17.0
26.0
13.0
17.0
26.0
13.0
17.0
26.0
13.0
17.0
26.0
13.0
17.0
26.0
13.0
17.0
26.0
13.0
17.0
26.0
46.0
45.0
14.0
44.0
41.0
46.0
45.0
14.0
44.0
41.0
46.0
45.0
14.0
44.0
41.0
46.0
45.0
14.0
44.0
41.0
46.0
45.0
14.0
44.0
41.0
46.0
45.0
14.0
44.0
41.0
46.0
45.0
14.0
44.0
41.0
46.0
45.0
31.0
44.0
41.0
46.0
45.0
31.0
44.0
41.0
68.0
62.0
68.0
62.0
68.0
62.0
68.0
62.0
68.0
62.0
68.0
62.0
68.0
62.0
68.0
62.0
14.0
13.0
14.0
13.0
14.0
13.0
14.0
13.0
14.0
13.0
14.0
13.0
14.0
13.0
14.0
13.0
14.0
13.0
24.0
22.0
25.0
24.0
22.0
25.0
24.0
22.0
25.0
23.0
16.0
27.0
25.0
30.0
23.0
16.0
27.0
25.0
30.0
23.0
16.0
27.0
25.0
30.0
10.0
10.0
5.0
23.0
5.0
23.0
5.0
23.0
5.0
23.0
5.0
23.0
5.0
23.0
5.0
23.0
5.0
23.0
5.0
23.0
5.0
23.0
5.0
23.0
5.0
23.0
5.0
23.0
5.0
23.0
5.0
23.0
18.0
23.0
18.0
23.0
18.0
23.0
18.0
23.0
18.0
23.0
9.0
13.0
7.0
9.0
13.0
7.0
9.0
13.0
7.0
9.0
13.0
7.0
